-1.367900258040386419e+01
-1.374638935122116123e+01
-1.379744193908216232e+01
-1.383534602228519361e+01
-1.389728336967585598e+01
-1.395290454976418992e+01
-1.403607404393966007e+01
-1.404614691702204610e+01
-1.411686963672724815e+01
-1.415199154592539266e+01
-1.419479032936816942e+01
-1.424993112923625027e+01
-1.424520136557969607e+01
-1.417417707449632758e+01
-1.412245445580062153e+01
-1.416926011059366530e+01
-1.422987412321645451e+01
-1.433693084430223408e+01
-1.435675791770376364e+01
-1.427385451432645880e+01
-1.438846739837781818e+01
-1.421147764297097282e+01
-1.417668951625625340e+01
-1.442774018530320745e+01
-1.456320521219087638e+01
-1.457980641634631169e+01
-1.458690969758726297e+01
-1.438876934567886323e+01
-1.434385673678013617e+01
-1.452576229466959212e+01
-1.458521605939428589e+01
-1.453419763259140218e+01
-1.443398599774037194e+01
-1.466004051905970940e+01
-1.440882935554771471e+01
-1.440891695256608074e+01
-1.396970202748847711e+01
-1.347676794689466107e+01
-1.423296168909429582e+01
-1.435064716102125004e+01
-1.439692466007122462e+01
-1.478199240390290292e+01
-1.410760154161645907e+01
-1.389952324239564163e+01
-1.449940997291511025e+01
-1.438527544604199271e+01
-1.392380455160527752e+01
-1.403560006432597085e+01
-1.400215428141383711e+01
0.000000000000000000e+00
