-1.307742997420412934e+01
-1.315589031724519131e+01
-1.324664485004876902e+01
-1.331959413813972581e+01
-1.340203989559768338e+01
-1.348378301548166824e+01
-1.357663967000383032e+01
-1.360456913125557321e+01
-1.366735072998690192e+01
-1.369507995854264948e+01
-1.371979459239746646e+01
-1.374828755274695880e+01
-1.372806045021743060e+01
-1.369639619921129103e+01
-1.370156622582538475e+01
-1.374095811452951388e+01
-1.382065365089730591e+01
-1.386981265688462983e+01
-1.385658515893333309e+01
-1.379435565855897394e+01
-1.392936318383669558e+01
-1.389975992501844004e+01
-1.388247555677017964e+01
-1.397792797196939318e+01
-1.401377255948119327e+01
-1.398522692566182357e+01
-1.407767069554888550e+01
-1.400649364926000651e+01
-1.399664655022974813e+01
-1.401076231614231915e+01
-1.401918680243195325e+01
-1.399321140867809277e+01
-1.380545644930518989e+01
-1.411054987555516149e+01
-1.391729051521529570e+01
-1.389764692697661985e+01
-1.362873944085973221e+01
-1.302687670916185070e+01
-1.388540189736589880e+01
-1.391452061226395287e+01
-1.401277409558399967e+01
-1.417101834194542498e+01
-1.367316128024968869e+01
-1.359425587459522333e+01
-1.398348977466380205e+01
-1.385162728039070856e+01
-1.369009884323607551e+01
-1.366004325089779670e+01
-1.358295841965385975e+01
0.000000000000000000e+00
