-1.397434299877257402e+01
-1.403365349132517537e+01
-1.410641213641986624e+01
-1.412687614708226747e+01
-1.415372959196893987e+01
-1.419053766564925212e+01
-1.422742652050761336e+01
-1.426726063769632979e+01
-1.434266475930612117e+01
-1.436059999581771152e+01
-1.441655164237374720e+01
-1.444823130397877264e+01
-1.440821799096931777e+01
-1.444185531833626612e+01
-1.450285713487729211e+01
-1.448619289679153965e+01
-1.444908070447717918e+01
-1.445852965552179903e+01
-1.443291766782406960e+01
-1.440935777392236083e+01
-1.435218684712214099e+01
-1.424316936619460527e+01
-1.425073549109442794e+01
-1.445575131262995150e+01
-1.474029271473206926e+01
-1.489729663749982791e+01
-1.486841534480895888e+01
-1.459795868401972641e+01
-1.465838415426932784e+01
-1.464953899929338377e+01
-1.488265337127366905e+01
-1.488282316458306731e+01
-1.471670800534751677e+01
-1.486921375283039204e+01
-1.454459359429595722e+01
-1.452939958886882543e+01
-1.417089230914662501e+01
-1.380337512510061870e+01
-1.432183556516660872e+01
-1.439678310976927378e+01
-1.441999002723892431e+01
-1.481950951703767672e+01
-1.416263961789034198e+01
-1.397014825087042134e+01
-1.463310609432436493e+01
-1.450670793492127686e+01
-1.383189258201177196e+01
-1.413047774179341687e+01
-1.401087359988717296e+01
0.000000000000000000e+00
