-1.336972020253163684e+01
-1.344466561251213399e+01
-1.352277109026281465e+01
-1.355837343981349008e+01
-1.358374761685596965e+01
-1.360397295537046602e+01
-1.370588509046634762e+01
-1.371287883378569461e+01
-1.378772298438653365e+01
-1.381843591485835709e+01
-1.390458442514560389e+01
-1.396099729194308203e+01
-1.391947351360515839e+01
-1.391422800551395156e+01
-1.399717867067078103e+01
-1.398212352039276141e+01
-1.397187679090001566e+01
-1.400358254288285131e+01
-1.400045581425311880e+01
-1.402525713500567406e+01
-1.401917389791719870e+01
-1.396789397015283996e+01
-1.398801929961994439e+01
-1.408626058135063452e+01
-1.420805976369652868e+01
-1.429924026866116904e+01
-1.429151587432082415e+01
-1.407501848286270985e+01
-1.425600454116139026e+01
-1.401956671305130975e+01
-1.428955181010807607e+01
-1.432922310266328836e+01
-1.405619995048815696e+01
-1.431191787702808149e+01
-1.408538417683569222e+01
-1.399844540555726091e+01
-1.374331507228251681e+01
-1.326620930871063209e+01
-1.394645759011685371e+01
-1.391085591291778378e+01
-1.401252099925224925e+01
-1.416266328813282094e+01
-1.368092203665878692e+01
-1.341785170922265635e+01
-1.409730851020714049e+01
-1.401356186975590745e+01
-1.359460830022250732e+01
-1.377205910257118582e+01
-1.378085679532515329e+01
0.000000000000000000e+00
