-1.384825056061704274e+01
-1.387688304243585691e+01
-1.393201937514491640e+01
-1.401008048848182952e+01
-1.404606857226962191e+01
-1.406744285549008211e+01
-1.409342962037110247e+01
-1.418277827932374002e+01
-1.424613551587892601e+01
-1.427949747568642458e+01
-1.429349565671246225e+01
-1.428640150645567886e+01
-1.428707232406739536e+01
-1.428300021476034765e+01
-1.429547107524104455e+01
-1.426310957311792116e+01
-1.433113592002392522e+01
-1.455629571231176733e+01
-1.468152947453341284e+01
-1.471625975125093255e+01
-1.446831254548716927e+01
-1.419906140276692064e+01
-1.424461582945060023e+01
-1.461025094956576353e+01
-1.485790840191327256e+01
-1.493107414751529660e+01
-1.484246528934090392e+01
-1.465149409868472219e+01
-1.462240925495018651e+01
-1.479305280891784413e+01
-1.490404115428732368e+01
-1.484580452454447652e+01
-1.477975445278955391e+01
-1.483436511836152505e+01
-1.452806228624444351e+01
-1.445396875236080447e+01
-1.419374979869205511e+01
-1.376041422108028200e+01
-1.419507675501780319e+01
-1.448686674358995674e+01
-1.446432229681538928e+01
-1.472946012873832089e+01
-1.418072418249366962e+01
-1.401366197424470883e+01
-1.466920587712666446e+01
-1.453932201540791525e+01
-1.392358358590137435e+01
-1.418903530494566212e+01
-1.375301601776128280e+01
0.000000000000000000e+00
