-1.314299848306300333e+01
-1.322684493129204952e+01
-1.326195061324509616e+01
-1.337632531586811879e+01
-1.346224452212144307e+01
-1.352392009237900083e+01
-1.360774627960114103e+01
-1.361347935585528823e+01
-1.374730006888660228e+01
-1.380577589155152651e+01
-1.385514902655875247e+01
-1.385625310629060181e+01
-1.388329505376973572e+01
-1.390482275002330681e+01
-1.391041523267430868e+01
-1.379054783868577516e+01
-1.383593237754931238e+01
-1.397895542885489917e+01
-1.410507572946240273e+01
-1.414116908044480070e+01
-1.397976478746897122e+01
-1.391395857792306856e+01
-1.395121806307074408e+01
-1.414360521592197806e+01
-1.430390300497155920e+01
-1.439396566513691411e+01
-1.430243218951400053e+01
-1.423280808993636981e+01
-1.422223407894511205e+01
-1.419279362311172754e+01
-1.432974645151199411e+01
-1.432222435952480311e+01
-1.427015688853116515e+01
-1.430158824975768539e+01
-1.398526037288508661e+01
-1.392876711730205841e+01
-1.378744901666088474e+01
-1.322291328616814354e+01
-1.380505862860451316e+01
-1.387471064288153144e+01
-1.400768898685067398e+01
-1.416305839984298309e+01
-1.381450888534467047e+01
-1.376098210885397499e+01
-1.413994205727477116e+01
-1.406271683340221657e+01
-1.372262811939754457e+01
-1.381399889254469038e+01
-1.352928061711081753e+01
0.000000000000000000e+00
