-1.359719026244410855e+01
-1.368816208179617888e+01
-1.374319066994512539e+01
-1.380536643367230631e+01
-1.383947387472895763e+01
-1.389797030767107344e+01
-1.393698333507818710e+01
-1.401638444117020832e+01
-1.405112907759607310e+01
-1.407732100600514435e+01
-1.411806079540237491e+01
-1.411114339145547802e+01
-1.403249106134910562e+01
-1.394311384645371632e+01
-1.393491945944342802e+01
-1.394746922895122410e+01
-1.407824566854085901e+01
-1.418784377171366273e+01
-1.417578155013919883e+01
-1.419615403171164658e+01
-1.435009130433607183e+01
-1.419453937793054266e+01
-1.415739706429866018e+01
-1.425451654508684740e+01
-1.421332521685359396e+01
-1.447618748019807100e+01
-1.451053539864118846e+01
-1.437644134551583264e+01
-1.419671964546489384e+01
-1.408419784888512183e+01
-1.435827252160578205e+01
-1.440014477584579566e+01
-1.425689591500666609e+01
-1.451216852311518402e+01
-1.431658272687076661e+01
-1.417816944434978943e+01
-1.382721843066441103e+01
-1.338262155028409595e+01
-1.408748099747113613e+01
-1.425013837847267695e+01
-1.422804283093339350e+01
-1.463856508783643307e+01
-1.393447876978142475e+01
-1.390858012714743275e+01
-1.438252687428498433e+01
-1.418873146650321360e+01
-1.381428626623101330e+01
-1.407584024015556068e+01
-1.374394175892778236e+01
0.000000000000000000e+00
