-1.291076983073395823e+01
-1.303436816395179676e+01
-1.312088490737456148e+01
-1.318231942586618288e+01
-1.328131737150592606e+01
-1.335269868884144628e+01
-1.341870483547659987e+01
-1.353182863915747269e+01
-1.354134756173398912e+01
-1.361093494509977475e+01
-1.363883526282380920e+01
-1.367210805109876048e+01
-1.364033467508551212e+01
-1.360579393142863758e+01
-1.358629366917655901e+01
-1.357795324894540734e+01
-1.365599036225611584e+01
-1.370482144173085537e+01
-1.356800620536341384e+01
-1.361591745468885151e+01
-1.384071325232709171e+01
-1.385636785839161078e+01
-1.385225746444230310e+01
-1.378075083224037378e+01
-1.373039077593457336e+01
-1.392174842624577735e+01
-1.397584449944081442e+01
-1.390168028953773316e+01
-1.100185541211344642e+01
-1.368641974575831277e+01
-1.382929295446420959e+01
-1.386754720981613609e+01
-1.376435314188139003e+01
-1.394511551220134216e+01
-1.381176352576018473e+01
-1.371283864802866859e+01
-1.348532057236091397e+01
-1.289501328652124457e+01
-1.377522291157589862e+01
-1.380077455598094005e+01
-1.381988124956301256e+01
-1.405437281662129934e+01
-1.352553589169774284e+01
-1.364757874446405594e+01
-1.384064345533791496e+01
-1.366574435997335435e+01
-1.350666500896587685e+01
-1.370008258982679905e+01
-1.320515012186386095e+01
0.000000000000000000e+00
