-1.369351281387082864e+01
-1.379390585491263721e+01
-1.380743705548294464e+01
-1.386785984882031286e+01
-1.394140083044698208e+01
-1.394053360342047831e+01
-1.402448890235613099e+01
-1.407901894984552271e+01
-1.414001531486532137e+01
-1.418985584671985123e+01
-1.423552985211311750e+01
-1.424797082996085074e+01
-1.423039218906079917e+01
-1.410898159200898583e+01
-1.401403392565535455e+01
-1.412118908820950125e+01
-1.421174742070625463e+01
-1.423364275455395322e+01
-1.426978201883826358e+01
-1.423986173412843570e+01
-1.433482042518112287e+01
-1.420551137536796915e+01
-1.425903079362165116e+01
-1.433549813942711637e+01
-1.444907283986180779e+01
-1.465719685830177710e+01
-1.461118158237561282e+01
-1.436810333125652583e+01
-1.432839418644015694e+01
-1.418575400648698093e+01
-1.467013320430643830e+01
-1.464321654884018642e+01
-1.445832868831069895e+01
-1.470706683296411654e+01
-1.448083994563997834e+01
-1.452290913248540782e+01
-1.409476495245293570e+01
-1.348577140448697698e+01
-1.431825935672080874e+01
-1.440058620392814603e+01
-1.443628931505793211e+01
-1.478393620688691712e+01
-1.439282057208777843e+01
-1.418819309351962588e+01
-1.453812435592575270e+01
-1.442924718307298448e+01
-1.393274533350879274e+01
-1.414408235444149931e+01
-1.391366175779739223e+01
0.000000000000000000e+00
