-1.297929215091028965e+01
-1.310086608293008048e+01
-1.317372832985990172e+01
-1.326097169778675067e+01
-1.335247558075745822e+01
-1.333546781698174044e+01
-1.346551297907275568e+01
-1.354139686216649707e+01
-1.360946888384701836e+01
-1.364441221139649407e+01
-1.369866828858579666e+01
-1.371932300491223877e+01
-1.371069090681602276e+01
-1.367081606164360608e+01
-1.365775428427209626e+01
-1.371448630091435916e+01
-1.380446351511042380e+01
-1.384614163200534520e+01
-1.384516055483259578e+01
-1.383096234976683192e+01
-1.391418395379317019e+01
-1.386561648924565304e+01
-1.388415343915769107e+01
-1.392082784654003191e+01
-1.392758412738092844e+01
-1.398338299746658286e+01
-1.396746290990636652e+01
-1.382959789904437109e+01
-1.391252517080912909e+01
-1.364420844470361871e+01
-1.404121492775242253e+01
-1.407002396022661017e+01
-1.378820331208449090e+01
-1.409198567833352200e+01
-1.398037079054916809e+01
-1.398980752789194959e+01
-1.363552270822014378e+01
-1.302668292282114137e+01
-1.391679586617553710e+01
-1.398339232656148567e+01
-1.403284185983247667e+01
-1.418993743756406012e+01
-1.366614242250748568e+01
-1.347962548794089166e+01
-1.399307872749808368e+01
-1.388191533376364006e+01
-1.357504919574737912e+01
-1.366565975964407009e+01
-1.320034138191644146e+01
0.000000000000000000e+00
