-1.361892879137269041e+01
-1.370963352609407515e+01
-1.375014940365186078e+01
-1.379450277210841591e+01
-1.386491782056586430e+01
-1.389539305007479264e+01
-1.395089289109981046e+01
-1.396732022226008318e+01
-1.402188599470631303e+01
-1.405153148780835615e+01
-1.406428310232989887e+01
-1.407511549384367200e+01
-1.395787855290219426e+01
-1.388354809962035041e+01
-1.389501113254668496e+01
-1.393613440920959867e+01
-1.404546594804724258e+01
-1.414527388987732870e+01
-1.417306110572951816e+01
-1.413837628962826010e+01
-1.434110017597105724e+01
-1.430195696315418274e+01
-1.421367564258872207e+01
-1.428443915032847045e+01
-1.426469522725155059e+01
-1.447233958629824713e+01
-1.451539924134394965e+01
-1.437133406651435941e+01
-1.413593120619233900e+01
-1.409825317457392302e+01
-1.434261241505883433e+01
-1.440754692147917915e+01
-1.427258080321384881e+01
-1.451682546176002653e+01
-1.430957207488603977e+01
-1.416120501105275409e+01
-1.381714143449733001e+01
-1.339558875114709480e+01
-1.408856649994419286e+01
-1.426234630275527238e+01
-1.424811726973033288e+01
-1.465992106721571631e+01
-1.395587108429896439e+01
-1.393213873056523511e+01
-1.438861952302152858e+01
-1.417468379492689756e+01
-1.381637703490526015e+01
-1.406774372051850186e+01
-1.377039000425804005e+01
0.000000000000000000e+00
