-1.295837444895396473e+01
-1.306378118563976543e+01
-1.315677118657556832e+01
-1.322206344734915717e+01
-1.333768652180448910e+01
-1.340988684677989262e+01
-1.347265767261632874e+01
-1.350263557777661916e+01
-1.358050645473857010e+01
-1.361548680920198073e+01
-1.362955374909993367e+01
-1.363622308137520278e+01
-1.358057481670378763e+01
-1.357630240171126701e+01
-1.358256631520631963e+01
-1.359044436602031780e+01
-1.364030582821394333e+01
-1.366810057889096086e+01
-1.360544108257769302e+01
-1.360640460189910073e+01
-1.379219354958075527e+01
-1.387398892918656124e+01
-1.384687266255269300e+01
-1.377326176390332790e+01
-1.375311340269549198e+01
-1.391441907961907987e+01
-1.397285151969882300e+01
-1.389523083954962601e+01
-1.371335007313905052e+01
-1.367962654020023727e+01
-1.382347816872283275e+01
-1.387005118702904483e+01
-1.377881971787815019e+01
-1.395216780326177997e+01
-1.381122019415350266e+01
-1.372092732549265293e+01
-1.346863727742178085e+01
-1.290651043748950144e+01
-1.378337231317775391e+01
-1.382001017649797525e+01
-1.385692089565127638e+01
-1.406149022226406231e+01
-1.351223896056395724e+01
-1.365894217646014752e+01
-1.383921086145680945e+01
-1.366090154077427421e+01
-1.351094024411927919e+01
-1.366697092119328616e+01
-1.316459997143570781e+01
0.000000000000000000e+00
