-1.393126528382969909e+01
-1.398487131724519728e+01
-1.403124355920730437e+01
-1.403987604328857941e+01
-1.409573944265885004e+01
-1.410801627130514291e+01
-1.411427740624466587e+01
-1.411280388243883266e+01
-1.414486511406812319e+01
-1.418566175018322362e+01
-1.426830086536352127e+01
-1.432030390277580700e+01
-1.432124710759769215e+01
-1.425018313606092413e+01
-1.431203546082258526e+01
-1.430711784829497368e+01
-1.441369917305144099e+01
-1.456202854319113627e+01
-1.464770739346067074e+01
-1.456138172803048292e+01
-1.440178391177500572e+01
-1.426212360868178308e+01
-1.429653744644599200e+01
-1.455793502447353482e+01
-1.484877970321014118e+01
-1.490186570103321984e+01
-1.484911602329829883e+01
-1.468737613246686280e+01
-1.459095216990196242e+01
-1.452956668385727390e+01
-1.483681696189671761e+01
-1.482131844467169657e+01
-1.470654921696408124e+01
-1.482145829946605353e+01
-1.441706365500963827e+01
-1.436227138546009741e+01
-1.414957485040085672e+01
-1.369186533063617439e+01
-1.418997941508269633e+01
-1.471354204942777422e+01
-1.443217650739880398e+01
-1.480153886767215710e+01
-1.433431123258374029e+01
-1.390714162975540269e+01
-1.464834085928203322e+01
-1.455390368560895986e+01
-1.369880188385750230e+01
-1.356415696743711408e+01
-1.371080330023295168e+01
0.000000000000000000e+00
