-1.327779346827351148e+01
-1.333283009212141046e+01
-1.339922790116989226e+01
-1.348307143362008098e+01
-1.351397327622690980e+01
-1.358441870849357791e+01
-1.366195594826685600e+01
-1.369673121844937924e+01
-1.376056515363477217e+01
-1.382784039545489918e+01
-1.387664986229970054e+01
-1.387824960491087722e+01
-1.388476964531634472e+01
-1.387640218389360314e+01
-1.392572082097533936e+01
-1.385595173867391416e+01
-1.387660072331089545e+01
-1.395420771596773335e+01
-1.409905230328108416e+01
-1.409219358420433643e+01
-1.403039753016699898e+01
-1.398639756715396132e+01
-1.400852798213116124e+01
-1.416450271774648328e+01
-1.432644174825415817e+01
-1.436610329769887429e+01
-1.431654868292917548e+01
-1.424027732713460637e+01
-1.417699958472605459e+01
-1.406417732295170708e+01
-1.428132844565940474e+01
-1.430460858526961232e+01
-1.420793871837212663e+01
-1.429842283392595803e+01
-1.399622904438914972e+01
-1.395430071392854821e+01
-1.373928431846518272e+01
-1.321828657022939879e+01
-1.388198165664205774e+01
-1.414775339819832745e+01
-1.395546623098496930e+01
-1.426396837242740290e+01
-1.396797032065325794e+01
-1.369455401701866926e+01
-1.406946974783936000e+01
-1.403670889042532011e+01
-1.356909897887872773e+01
-1.333039823021309189e+01
-1.352823782383316953e+01
0.000000000000000000e+00
