-1.330372268054965978e+01
-1.333006312167503893e+01
-1.337939386193977853e+01
-1.348737762697659015e+01
-1.359524191353935407e+01
-1.359542113489236570e+01
-1.367318252008946899e+01
-1.372718196215398834e+01
-1.383333673862423474e+01
-1.385686370005985069e+01
-1.393201699537188176e+01
-1.398748416915121595e+01
-1.406352953670793759e+01
-1.401620839778354721e+01
-1.400142346113084812e+01
-1.405283423496724815e+01
-1.414001614612639557e+01
-1.430863329186431621e+01
-1.438627209518089245e+01
-1.441778192977002959e+01
-1.439050967274797443e+01
-1.416745801300703533e+01
-1.416673616668868263e+01
-1.435103179417728470e+01
-1.430698209773815677e+01
-1.456347435158495429e+01
-1.445203398850905430e+01
-1.435558972079198981e+01
-1.425454047096183530e+01
-1.416570504222723592e+01
-1.437536504331222886e+01
-1.447937854542171365e+01
-1.436421142611410140e+01
-1.450013065435490489e+01
-1.434270960815869600e+01
-1.431336182788935574e+01
-1.404004057774772107e+01
-1.343063062455751400e+01
-1.421534377840522900e+01
-1.428947721585788244e+01
-1.432671589552474245e+01
-1.473715372200912199e+01
-1.417268652393278927e+01
-1.419133351247842612e+01
-1.444610670122584928e+01
-1.431667524803349423e+01
-1.387205705315759197e+01
-1.410069418290444787e+01
-1.353358634786373216e+01
0.000000000000000000e+00
