-1.278743799558622740e+01
-1.287266433160235479e+01
-1.294428479296271917e+01
-1.305711972754582462e+01
-1.315669574683499121e+01
-1.322861342395250617e+01
-1.330377840471269657e+01
-1.338835331576393273e+01
-1.347565503831987854e+01
-1.350807729483819664e+01
-1.356963815346046864e+01
-1.361241242393698592e+01
-1.366183535129002280e+01
-1.365513676430171053e+01
-1.364388573888801481e+01
-1.367230728136795648e+01
-1.371897783151638528e+01
-1.380774599182391071e+01
-1.379779270312930350e+01
-1.380307842421551712e+01
-1.385493432886439003e+01
-1.382136160870182628e+01
-1.383155316387713718e+01
-1.383031074204940580e+01
-1.377949890926573673e+01
-1.399232332616074714e+01
-1.392152395069929938e+01
-1.389196316239058149e+01
-1.384170627579974422e+01
-1.370326334411311109e+01
-1.384678237130006728e+01
-1.393323604202177357e+01
-1.378648528750288804e+01
-1.393909724728252542e+01
-1.381374434155572217e+01
-1.377550952920174510e+01
-1.360501637862285307e+01
-1.297199128798552792e+01
-1.384652391089460011e+01
-1.388235616526929306e+01
-1.388120690873302721e+01
-1.408064839795268242e+01
-1.357429743103359954e+01
-1.382655239497888999e+01
-1.385385696912410758e+01
-1.369204705246695752e+01
-1.361026646963529352e+01
-1.364495792027894794e+01
-1.327910460302727280e+01
0.000000000000000000e+00
