-1.390534598962289792e+01
-1.391683082762768997e+01
-1.395768708518570023e+01
-1.401202845485940074e+01
-1.401606066830584041e+01
-1.405733279690219817e+01
-1.406324143265465310e+01
-1.405768284592898887e+01
-1.405828203052636205e+01
-1.407646711170897902e+01
-1.414311644614309493e+01
-1.420199235147733852e+01
-1.423393950555438892e+01
-1.426922165503088991e+01
-1.427607085750467064e+01
-1.427333990398013164e+01
-1.431028015681270915e+01
-1.443103594719630323e+01
-1.448408018529232422e+01
-1.448253925572191392e+01
-1.439967797941982930e+01
-1.428522925408221056e+01
-1.426583600614550562e+01
-1.445796597158230767e+01
-1.468913598063359416e+01
-1.462377070059989492e+01
-1.464504793992339771e+01
-1.450065347243599945e+01
-1.458970269638647999e+01
-1.441765434420251069e+01
-1.467177485720831065e+01
-1.473600921841650013e+01
-1.462674964345796624e+01
-1.469064535043386499e+01
-1.429596068212164361e+01
-1.416443614656466465e+01
-1.407980010769731294e+01
-1.369178739380823906e+01
-1.412970898929243901e+01
-1.454679182686063399e+01
-1.433657095380834434e+01
-1.466425637660305981e+01
-1.324654109205300401e+01
-1.358052543313177729e+01
-1.456184559130258727e+01
-1.458664808086681219e+01
-1.314724975820119290e+01
-1.396214620145967089e+01
-1.348513730255022125e+01
0.000000000000000000e+00
