-1.332509529713947138e+01
-1.328248198925596313e+01
-1.341279445959644612e+01
-1.344480198576257735e+01
-1.345892049754572817e+01
-1.358181518401716303e+01
-1.361965239874053069e+01
-1.365937121396238219e+01
-1.367153647708718722e+01
-1.371009354808735559e+01
-1.374651954789431763e+01
-1.376445667982951981e+01
-1.378510771622775266e+01
-1.383371673457800100e+01
-1.385196107815398214e+01
-1.385482433171375938e+01
-1.387725055328319357e+01
-1.394639003003113586e+01
-1.399880510665934885e+01
-1.400112581930358324e+01
-1.397263615414421523e+01
-1.393957939482484321e+01
-1.394273400541589858e+01
-1.403440738612943406e+01
-1.413686579270186172e+01
-1.393665284050263864e+01
-1.390561301533755767e+01
-1.385327172505002480e+01
-1.399490843270471885e+01
-1.392984144383744294e+01
-1.410841345610704956e+01
-1.414653098317169722e+01
-1.391134128778437784e+01
-1.405685467662084953e+01
-1.391430633479918910e+01
-1.382422632796467354e+01
-1.361729149880070722e+01
-1.319812677466754103e+01
-1.369793810106122933e+01
-1.377423269261175598e+01
-1.384171747537156527e+01
-1.389792564757460269e+01
-1.310324219889321284e+01
-1.331532800756867196e+01
-1.388243272595052602e+01
-1.390931571023513058e+01
-1.299055471726087951e+01
-1.346417902947187173e+01
-1.322042402294151486e+01
0.000000000000000000e+00
