-1.364417474552469400e+01
-1.365741052060285021e+01
-1.373308608971427169e+01
-1.375277459145496728e+01
-1.383328307620118025e+01
-1.387510586598985185e+01
-1.394116906615501605e+01
-1.397660753360312036e+01
-1.401010009245882415e+01
-1.401975246418976795e+01
-1.409334347446507607e+01
-1.415990025882792480e+01
-1.418644804982757535e+01
-1.419270482192528782e+01
-1.416927593296335175e+01
-1.419358863002475957e+01
-1.427800251879047266e+01
-1.441685219499258075e+01
-1.449739450899883764e+01
-1.446931094249080729e+01
-1.427118927538181126e+01
-1.399949459241110183e+01
-1.404174386694930021e+01
-1.414887342760633437e+01
-1.435399426769968656e+01
-1.448209581743299879e+01
-1.431349751988766528e+01
-1.393814823810000547e+01
-1.409359060969094735e+01
-1.378555503025305740e+01
-1.430488782753122834e+01
-1.442262235341500087e+01
-1.430897531560573199e+01
-1.439048988251327899e+01
-1.422968737834915132e+01
-1.429549330092725690e+01
-1.370043792734955446e+01
-1.343771883725268879e+01
-1.404820970561106819e+01
-1.418750042706789571e+01
-1.407896018481691769e+01
-1.455843929021744643e+01
-1.427191296886538652e+01
-1.386659525293389805e+01
-1.430166015400670965e+01
-1.409679128005967996e+01
-1.375153659344895374e+01
-1.394249530203086351e+01
-1.376990762214837716e+01
0.000000000000000000e+00
