-1.287260079631588106e+01
-1.291960091149832657e+01
-1.303323565157838360e+01
-1.312144248968380467e+01
-1.320284135590353358e+01
-1.328824017980651462e+01
-1.337833618605287000e+01
-1.344055458516503165e+01
-1.350617329246033904e+01
-1.354261667329419971e+01
-1.362987333613848939e+01
-1.366328150564945965e+01
-1.370075377862600519e+01
-1.371091378958024443e+01
-1.371642702549257109e+01
-1.373464970513578365e+01
-1.377763767879828372e+01
-1.386177800042268160e+01
-1.394017633485551322e+01
-1.392467137353851570e+01
-1.375594662856498118e+01
-1.365028434059692408e+01
-1.371539917229133110e+01
-1.376132995106735635e+01
-1.381610787830935649e+01
-1.395771481855687313e+01
-1.379102555371475880e+01
-1.350528826461055409e+01
-1.358259085202449512e+01
-1.347838188338216092e+01
-1.375394546805706852e+01
-1.388117797614438231e+01
-1.380547608565814066e+01
-1.386213807067079529e+01
-1.372483247403307161e+01
-1.379185954159702376e+01
-1.336595408654873474e+01
-1.289664486127981213e+01
-1.369874206988659360e+01
-1.376742223220486139e+01
-1.361497007905657419e+01
-1.388487470221595821e+01
-1.374847704868971121e+01
-1.355104431533222176e+01
-1.377722524716254426e+01
-1.350444375812320885e+01
-1.355644813512647318e+01
-1.363236342976085425e+01
-1.345089330607735256e+01
0.000000000000000000e+00
