-1.390351974382635980e+01
-1.391965150298462106e+01
-1.394981570526904235e+01
-1.402166117390745370e+01
-1.403745903410536755e+01
-1.401981641844973936e+01
-1.406450949856118626e+01
-1.406878260604218411e+01
-1.407679007396404458e+01
-1.413042567664185611e+01
-1.418441306857791773e+01
-1.424440611285180225e+01
-1.427513934305572718e+01
-1.427656212176628436e+01
-1.427346654799944758e+01
-1.429422078846534916e+01
-1.435978437795887963e+01
-1.454900308984663404e+01
-1.459034060039854630e+01
-1.453100150043383465e+01
-1.444405515506700510e+01
-1.427927175263837789e+01
-1.433979947112474740e+01
-1.461019708164480235e+01
-1.481557837644688824e+01
-1.490214380267647343e+01
-1.484082297148423990e+01
-1.466689673629193535e+01
-1.452044934963910450e+01
-1.452538686946901159e+01
-1.481405013255989189e+01
-1.481130798780043101e+01
-1.472258465170047259e+01
-1.482062434033909426e+01
-1.439782026317563890e+01
-1.436709853162914996e+01
-1.415203213693536632e+01
-1.371034889445643401e+01
-1.419465351572511302e+01
-1.471080682842554666e+01
-1.443870043716373353e+01
-1.480651140113453224e+01
-1.432193720285656191e+01
-1.390382953611387862e+01
-1.464479274175365831e+01
-1.453592351379498382e+01
-1.369540251083558147e+01
-1.355988262531725397e+01
-1.369834995222722185e+01
0.000000000000000000e+00
