-1.321115477584221765e+01
-1.326244073740645568e+01
-1.336396121477014631e+01
-1.345390249590899145e+01
-1.356302296314716216e+01
-1.354447060337107445e+01
-1.364571224693963458e+01
-1.370178329179361398e+01
-1.375958209901632401e+01
-1.382828616272429301e+01
-1.383864739093864316e+01
-1.385862641410594343e+01
-1.387543631991085036e+01
-1.389234986935105631e+01
-1.389211444967621389e+01
-1.388420669275137342e+01
-1.387911080928755148e+01
-1.400359991270421389e+01
-1.404703787419420635e+01
-1.409339332563512315e+01
-1.405176489882175872e+01
-1.397467154393878630e+01
-1.400699072460271388e+01
-1.418618446550899392e+01
-1.431412161106241854e+01
-1.435238098515407401e+01
-1.429547364649985575e+01
-1.422300360572417333e+01
-1.414664524381882416e+01
-1.405422873832186426e+01
-1.425381283780100361e+01
-1.428782793122351080e+01
-1.422565537072840414e+01
-1.429764462244476952e+01
-1.398245371042944996e+01
-1.395605926948563891e+01
-1.374706687778327918e+01
-1.323938647142628433e+01
-1.387998103654970095e+01
-1.411742344163440244e+01
-1.396950882720209108e+01
-1.427764034601338317e+01
-1.396324341065425045e+01
-1.369501862079658139e+01
-1.407539896358248654e+01
-1.403728359782238044e+01
-1.356800839938803804e+01
-1.333032341967013501e+01
-1.352127814565165309e+01
0.000000000000000000e+00
