-1.349477808790227229e+01
-1.354990050664124723e+01
-1.364237104978353798e+01
-1.366645332649997258e+01
-1.374002649753560945e+01
-1.376785980423071365e+01
-1.380744900184302359e+01
-1.382508877736006525e+01
-1.383328628266743721e+01
-1.389110197530795254e+01
-1.387990664967893650e+01
-1.396281349631633084e+01
-1.398252782132692040e+01
-1.397443403165128473e+01
-1.392541464904645210e+01
-1.402009359973280667e+01
-1.411678441346905899e+01
-1.426640615144168045e+01
-1.434010039285690752e+01
-1.437277929737383886e+01
-1.438434040630017918e+01
-1.423841275084273228e+01
-1.428285839914403077e+01
-1.434841054707684549e+01
-1.434244028730359943e+01
-1.457079415331607919e+01
-1.445697952305906497e+01
-1.435033728271214670e+01
-1.423469252630634330e+01
-1.418033139627738848e+01
-1.437949843530296690e+01
-1.447531598089195093e+01
-1.435712879835572764e+01
-1.448759957089025363e+01
-1.432963192486892545e+01
-1.431518725363145172e+01
-1.403190587482808738e+01
-1.342209638038308128e+01
-1.422796181663435533e+01
-1.428953894638995870e+01
-1.432193087667623033e+01
-1.470160878247630798e+01
-1.416471178696684774e+01
-1.419083146660407202e+01
-1.443500580883070228e+01
-1.431596990289629012e+01
-1.387520815506593230e+01
-1.411093518471402675e+01
-1.353518171591628061e+01
0.000000000000000000e+00
