-1.285854124211995497e+01
-1.295805657527785471e+01
-1.305467065531851567e+01
-1.312528779748976326e+01
-1.322864235930699905e+01
-1.327551933745751001e+01
-1.334662074284658040e+01
-1.340988925272429455e+01
-1.346390943021827979e+01
-1.353631729676413897e+01
-1.355240176928557716e+01
-1.360920327822424980e+01
-1.363532226558643146e+01
-1.361894840458883849e+01
-1.362860487683628108e+01
-1.366243354991231307e+01
-1.371644546673456944e+01
-1.379812723526366192e+01
-1.377816393453706034e+01
-1.376826588223646475e+01
-1.383703961351711342e+01
-1.382946731477905900e+01
-1.388090733455571701e+01
-1.383410695140816316e+01
-1.382711992730423134e+01
-1.397660557911050816e+01
-1.391620173280903394e+01
-1.387447786405516581e+01
-1.383864537950330842e+01
-1.370751479937516137e+01
-1.384427884115610219e+01
-1.393557885871491742e+01
-1.379274831952473157e+01
-1.392677183147709208e+01
-1.381063704620321353e+01
-1.377454923807601261e+01
-1.360955430130177035e+01
-1.296554151955439593e+01
-1.383969980173975856e+01
-1.387903344615181211e+01
-1.390090339338235026e+01
-1.403580515831279563e+01
-1.355732906032503671e+01
-1.382539797754266964e+01
-1.383891326341247208e+01
-1.367917473246274795e+01
-1.360816727469286924e+01
-1.366831669059639154e+01
-1.327544586205048915e+01
0.000000000000000000e+00
