-1.391672862177076375e+01
-1.395317107691382041e+01
-1.405724871037598334e+01
-1.407864443051664338e+01
-1.403257920770673906e+01
-1.411270666453421718e+01
-1.417621427308701065e+01
-1.423585388227207105e+01
-1.426082300562371152e+01
-1.430441546157824995e+01
-1.430159118080374192e+01
-1.438779077889769376e+01
-1.442222604155998056e+01
-1.443424134876420695e+01
-1.439320777614160818e+01
-1.435166847152002134e+01
-1.443796786687960143e+01
-1.455929125328448137e+01
-1.462008139028966447e+01
-1.459888520351044150e+01
-1.433968245105026540e+01
-1.411443744365339192e+01
-1.418465661405712375e+01
-1.452924524693397501e+01
-1.483936112220191816e+01
-1.489583858183383924e+01
-1.475838723870724678e+01
-1.454674439954903420e+01
-1.452460270358418626e+01
-1.470379954266899247e+01
-1.486073872242496385e+01
-1.486578553746793219e+01
-1.472579736933034589e+01
-1.483108068615513986e+01
-1.447130023938055743e+01
-1.449658326456866675e+01
-1.408340107915937089e+01
-1.380817920505241858e+01
-1.426829946279190153e+01
-1.452407723442953369e+01
-1.439037788121454398e+01
-1.487126082066959576e+01
-1.441449887652658468e+01
-1.397476692817339483e+01
-1.461648273932249786e+01
-1.455421194497480997e+01
-1.390804726602911856e+01
-1.411158657426723728e+01
-1.371465364970306844e+01
0.000000000000000000e+00
