-1.328104285501073178e+01
-1.333333882908287826e+01
-1.346508150215515442e+01
-1.347791316403840689e+01
-1.350125561104305660e+01
-1.360446520276653892e+01
-1.367517491080261216e+01
-1.372927149854135997e+01
-1.376823279570558611e+01
-1.384669738828340257e+01
-1.385680608156263283e+01
-1.393028024958234923e+01
-1.396853424614644368e+01
-1.394888056232717233e+01
-1.391735124531039425e+01
-1.388462246776098752e+01
-1.389494473216089787e+01
-1.402925021571426534e+01
-1.408064979140520734e+01
-1.403985262917004917e+01
-1.394146156391335012e+01
-1.389881244844954900e+01
-1.395365006552253817e+01
-1.411149273607908050e+01
-1.430262647201881876e+01
-1.436419124568223182e+01
-1.427419902701659460e+01
-1.418848644349514387e+01
-1.416760539678572250e+01
-1.418223503288569987e+01
-1.430511489216560150e+01
-1.433634962899978049e+01
-1.424899935969056486e+01
-1.430404876095231614e+01
-1.398467607897801734e+01
-1.397956401525309467e+01
-1.374672476382638919e+01
-1.324542854550006687e+01
-1.393271797522545441e+01
-1.413208358342583715e+01
-1.399976361837654260e+01
-1.435456645820464416e+01
-1.390963456855371483e+01
-1.376621923658722402e+01
-1.410790608045369510e+01
-1.411342906845091072e+01
-1.374419683844071827e+01
-1.381751745866155545e+01
-1.345805102082618099e+01
0.000000000000000000e+00
