-1.387211735450326699e+01
-1.394368438340118210e+01
-1.397232386626284750e+01
-1.403203035530769682e+01
-1.407111073256027289e+01
-1.406063751698561859e+01
-1.405570964722188876e+01
-1.407017621200838775e+01
-1.409656751407035102e+01
-1.416038454842239958e+01
-1.423542890572728226e+01
-1.429635381520063220e+01
-1.435865211722723878e+01
-1.442095279133226526e+01
-1.436782990127531079e+01
-1.431866498808068044e+01
-1.439146190966109273e+01
-1.453573437777090760e+01
-1.458515677343002892e+01
-1.454931540148851177e+01
-1.446527920160614045e+01
-1.424393101608799483e+01
-1.431710339158338385e+01
-1.458854665022447961e+01
-1.486264324007301951e+01
-1.492933185553197539e+01
-1.479518449174630845e+01
-1.455456124686318375e+01
-1.448678493891267394e+01
-1.469756119138828687e+01
-1.483669657114336005e+01
-1.486375808846971580e+01
-1.472806410448394487e+01
-1.484296691810891566e+01
-1.446259606976818191e+01
-1.453318256595219893e+01
-1.407519288425252846e+01
-1.381332599127485139e+01
-1.427167187014785910e+01
-1.453455226981677484e+01
-1.440387778855340528e+01
-1.488845704934225722e+01
-1.441561848363584630e+01
-1.397135308271044352e+01
-1.461640319288849099e+01
-1.454705409640801683e+01
-1.390721990529121754e+01
-1.411266548566941026e+01
-1.390656983158254789e+01
0.000000000000000000e+00
