-1.328131532240449530e+01
-1.338092311636475529e+01
-1.340666934183957970e+01
-1.351273850575106472e+01
-1.356166096278039035e+01
-1.357750399451350098e+01
-1.363294704206801278e+01
-1.365793145235688044e+01
-1.374309475561820726e+01
-1.379021091862572135e+01
-1.383812221495458772e+01
-1.389737906842012904e+01
-1.395272729625371433e+01
-1.396415233873592321e+01
-1.391067986304570958e+01
-1.388470738941808946e+01
-1.391356501701847037e+01
-1.404555192749645798e+01
-1.407069283598272236e+01
-1.404741540537437849e+01
-1.400556268131560955e+01
-1.392361531221572868e+01
-1.397935148535866468e+01
-1.411727621354617135e+01
-1.431994328602403499e+01
-1.437804327633783252e+01
-1.429103512900554662e+01
-1.419612943402833416e+01
-1.416359621220390785e+01
-1.417508102518401003e+01
-1.427598918808032202e+01
-1.433529824124776653e+01
-1.422904230709427864e+01
-1.430435410628955673e+01
-1.396930101533376245e+01
-1.399511601819890849e+01
-1.374364642465920738e+01
-1.326396104151801225e+01
-1.392316950225832528e+01
-1.413161826647742814e+01
-1.401412271092336148e+01
-1.435537904326223924e+01
-1.392073601887009460e+01
-1.377015511699196892e+01
-1.412051866753370000e+01
-1.410079035944102444e+01
-1.375207251209282333e+01
-1.378767378393005316e+01
-1.348680107788064930e+01
0.000000000000000000e+00
