-1.393532842272272987e+01
-1.396063802206385773e+01
-1.402510416600232368e+01
-1.405460433152567745e+01
-1.409481984514158803e+01
-1.413791739785926538e+01
-1.414838691170817420e+01
-1.417584907015917928e+01
-1.418056829971185984e+01
-1.415866288586809674e+01
-1.423026705718679708e+01
-1.428490483282341117e+01
-1.429650728048082264e+01
-1.428460634555577258e+01
-1.428521423878936680e+01
-1.425362841045348894e+01
-1.429917667827396954e+01
-1.442514886098959082e+01
-1.449008384542811712e+01
-1.447849820918378683e+01
-1.440450031285501709e+01
-1.427420958070985968e+01
-1.426518323657173326e+01
-1.447225286087737395e+01
-1.471322603915684724e+01
-1.464087944670356300e+01
-1.466776349572835159e+01
-1.452960979294843114e+01
-1.467460128902098049e+01
-1.445958953997173069e+01
-1.470877863462967916e+01
-1.473854811968673317e+01
-1.465502250357290315e+01
-1.468172568404947320e+01
-1.432236758013992173e+01
-1.416235775082851767e+01
-1.406215504449603237e+01
-1.367603799601287484e+01
-1.411225302533589598e+01
-1.456217174642289436e+01
-1.434608122184353363e+01
-1.465375591986427217e+01
-1.323282989449066704e+01
-1.358552907839568746e+01
-1.456670930534219721e+01
-1.457250353239176732e+01
-1.338756621695312532e+01
-1.394885312012190148e+01
-1.348597532731100834e+01
0.000000000000000000e+00
