-1.332324773349263225e+01
-1.334733109466420053e+01
-1.344397234453939483e+01
-1.348906021766061514e+01
-1.354346550524383375e+01
-1.360906181222145150e+01
-1.362234251947090335e+01
-1.367802529257331479e+01
-1.371271630647943596e+01
-1.369668542563690750e+01
-1.374363687601739947e+01
-1.378425261504193600e+01
-1.380780186864950210e+01
-1.382984039480513516e+01
-1.385782596412221856e+01
-1.383690894114318048e+01
-1.388111132199001574e+01
-1.396289619638952573e+01
-1.398946507603825040e+01
-1.402101430367136636e+01
-1.400239423590461030e+01
-1.393074247410701361e+01
-1.395591205769018472e+01
-1.405556246298262479e+01
-1.413650989752191300e+01
-1.394832248187971224e+01
-1.391921034888589759e+01
-1.387592810169208590e+01
-1.404514128427794972e+01
-1.392787320193523470e+01
-1.414664749455000248e+01
-1.415112890346837382e+01
-1.393490097861824850e+01
-1.404260494752624133e+01
-1.392108937321152062e+01
-1.382556810480937415e+01
-1.361909497336288233e+01
-1.319057586086352529e+01
-1.369492245918164031e+01
-1.379036198925797052e+01
-1.383923885639691775e+01
-1.386513263437345955e+01
-1.309420852879618380e+01
-1.331811895554136171e+01
-1.389434642361264238e+01
-1.392456765257021978e+01
-1.300009315187543990e+01
-1.347882140256088235e+01
-1.323046215441678619e+01
0.000000000000000000e+00
