-1.395122841000138258e+01
-1.403128163489386004e+01
-1.407151404519584759e+01
-1.413304201837107321e+01
-1.413750119208574141e+01
-1.417976405864988720e+01
-1.420501959060828767e+01
-1.419340562566245545e+01
-1.417165295790142210e+01
-1.418074550318756266e+01
-1.418424716942086050e+01
-1.423502859399497211e+01
-1.432275555797172117e+01
-1.431328638722689739e+01
-1.429386861842184331e+01
-1.426397568959377793e+01
-1.433115045066784887e+01
-1.446884477499084198e+01
-1.456774606491809010e+01
-1.457276159242711699e+01
-1.438974041517797176e+01
-1.414992869018777810e+01
-1.420804120063147380e+01
-1.440708418682264380e+01
-1.468560862818555357e+01
-1.466543728352023379e+01
-1.469731294409841382e+01
-1.439754662810224239e+01
-1.440809535996540447e+01
-1.453613723443886485e+01
-1.471358478969402483e+01
-1.475439135164372928e+01
-1.460680793569402169e+01
-1.475965163924766088e+01
-1.436429592915830078e+01
-1.436125111530892973e+01
-1.403890239077309943e+01
-1.372907119107872376e+01
-1.419367224982054410e+01
-1.463994890759233058e+01
-1.431399128445236357e+01
-1.468740223013090684e+01
-1.424388805098209332e+01
-1.385276934006436633e+01
-1.455549578980031100e+01
-1.446868596546833885e+01
-1.370675231405255801e+01
-1.397406494922756437e+01
-1.371558574666494401e+01
0.000000000000000000e+00
