-1.343451964641720231e+01
-1.352038638104747648e+01
-1.357529914740368682e+01
-1.362879053681230701e+01
-1.367118914477487834e+01
-1.369412318034628129e+01
-1.374059120030224790e+01
-1.374789982113394160e+01
-1.375756428236445572e+01
-1.377784848106965043e+01
-1.379934436595867986e+01
-1.382353843957439210e+01
-1.387232419590550236e+01
-1.387738196095030929e+01
-1.390680621503600989e+01
-1.391048399091003951e+01
-1.391025410510010474e+01
-1.400108613891242726e+01
-1.403835149667715498e+01
-1.403403792166017894e+01
-1.392758630209199922e+01
-1.383773900569649840e+01
-1.390355154477055954e+01
-1.403915518610140722e+01
-1.418732502848544996e+01
-1.412919997712809916e+01
-1.411890654060288064e+01
-1.396123001832577160e+01
-1.399505915304595582e+01
-1.403064292361705157e+01
-1.416858150803245842e+01
-1.421463646246011692e+01
-1.405591975475896049e+01
-1.419893405961922817e+01
-1.393856206173182244e+01
-1.395821841113939854e+01
-1.361532138272253434e+01
-1.320851480715839443e+01
-1.384222532010796414e+01
-1.413476238316856737e+01
-1.388557846856150846e+01
-1.414921120793256648e+01
-1.391480761225405871e+01
-1.367466046148746628e+01
-1.397230705184018795e+01
-1.394075008270654692e+01
-1.355283842114294757e+01
-1.360668358234719655e+01
-1.354142339985412491e+01
0.000000000000000000e+00
