-1.376363156909503438e+01
-1.380897994591519407e+01
-1.387254756195705063e+01
-1.392425670893183209e+01
-1.395393796981669077e+01
-1.398978289962676946e+01
-1.402289025306667369e+01
-1.400296713028547302e+01
-1.404053549077631047e+01
-1.403863856313988556e+01
-1.406612033118221206e+01
-1.408205876625907216e+01
-1.405202868940616412e+01
-1.398573433329277371e+01
-1.394303299074064029e+01
-1.397240189287764522e+01
-1.411233085440072443e+01
-1.421977578384026586e+01
-1.429384073454593995e+01
-1.431266341417829047e+01
-1.427906785967519632e+01
-1.411604964311460009e+01
-1.409533451162514162e+01
-1.415372512231071411e+01
-1.428492071448329526e+01
-1.441929307334135579e+01
-1.439687590038811926e+01
-1.395676026961654870e+01
-1.436735614863667720e+01
-1.382457181662466894e+01
-1.438629487890824166e+01
-1.443887167103737923e+01
-1.437365057661508061e+01
-1.444358004515147798e+01
-1.421147282319692806e+01
-1.396117173204626560e+01
-1.370884455221433740e+01
-1.345663097734960623e+01
-1.397236808452283086e+01
-1.370488203112730652e+01
-1.394720735523995359e+01
-1.445244226457536740e+01
-1.323001835266452275e+01
-1.345959999695519116e+01
-1.424717952579393554e+01
-1.413332098569227568e+01
-1.367644041361421259e+01
-1.385626153433677921e+01
-1.372923974683260795e+01
0.000000000000000000e+00
