-1.303672822566682932e+01
-1.305252551716561094e+01
-1.313490355702289847e+01
-1.316338281315658776e+01
-1.329850045879897635e+01
-1.334625289056191377e+01
-1.347197676532211297e+01
-1.348649072994842513e+01
-1.360361442847939983e+01
-1.363597657710085542e+01
-1.364458759175013114e+01
-1.364742994484649508e+01
-1.362320821487564970e+01
-1.356721126157395219e+01
-1.351692292919357463e+01
-1.349703221631630257e+01
-1.359892908773084841e+01
-1.369924965467428457e+01
-1.373385107593617072e+01
-1.375799831530482820e+01
-1.377126766645666933e+01
-1.370531184572797301e+01
-1.375231883881684602e+01
-1.373223917407475270e+01
-1.374961344054971590e+01
-1.381206513122926260e+01
-1.379050611861936737e+01
-1.343869020919328783e+01
-1.366740825341655174e+01
-1.343958972090950610e+01
-1.380343121185172528e+01
-1.387725085706969885e+01
-1.378566390418796850e+01
-1.381161798107869032e+01
-1.372532113051604696e+01
-1.353073793031021133e+01
-1.338533842781387762e+01
-1.288007105567307420e+01
-1.359515897575433918e+01
-1.324076393768334015e+01
-1.341946571714356473e+01
-1.355173003672553911e+01
-1.308154744593299945e+01
-1.318421916893999857e+01
-1.370512638494061974e+01
-1.359286172916933211e+01
-1.333682118986428478e+01
-1.349101305847004895e+01
-1.331555615266911374e+01
0.000000000000000000e+00
