-1.371260379614920133e+01
-1.377245108459105083e+01
-1.381905935850531364e+01
-1.387530555989616765e+01
-1.393610187844210380e+01
-1.397154843966048432e+01
-1.400128095439204756e+01
-1.403786596423504562e+01
-1.405180893160759048e+01
-1.407985609037537955e+01
-1.410362133383192429e+01
-1.415720230887070841e+01
-1.418221905117173520e+01
-1.420714366296001785e+01
-1.420464884460937860e+01
-1.421545713904864527e+01
-1.425823690870745786e+01
-1.438388175716989892e+01
-1.446272487313140687e+01
-1.445497579086114293e+01
-1.433230744120062106e+01
-1.409409828322417368e+01
-1.409690333294969022e+01
-1.416597601875414725e+01
-1.439287512432846938e+01
-1.448086461360158417e+01
-1.431567656677820466e+01
-1.395328216106485542e+01
-1.406007570036727827e+01
-1.382981374265570196e+01
-1.430534616601536158e+01
-1.443825139466923702e+01
-1.433038957821781700e+01
-1.438922376627066768e+01
-1.422832925670586235e+01
-1.429318271242269667e+01
-1.369999348689929519e+01
-1.344687121272069774e+01
-1.405550151321605767e+01
-1.417613999392067115e+01
-1.405977804615396920e+01
-1.457853205157501009e+01
-1.426597715552699341e+01
-1.392062505052958343e+01
-1.430077792383337787e+01
-1.411400471196944828e+01
-1.377222258077096839e+01
-1.394342213642765316e+01
-1.379191372623245115e+01
0.000000000000000000e+00
