-1.307421300375346718e+01
-1.315407294944451877e+01
-1.322215555793417607e+01
-1.331290161010834794e+01
-1.338871709465566262e+01
-1.345226665184938497e+01
-1.351557656854613754e+01
-1.355097845348330665e+01
-1.359105503713026408e+01
-1.360546856686773154e+01
-1.362339298238137175e+01
-1.368539772920410336e+01
-1.368253432173130868e+01
-1.368139642978808368e+01
-1.371636281156653858e+01
-1.374235336607881308e+01
-1.377666504685994653e+01
-1.384147564831748589e+01
-1.390542653856058486e+01
-1.388655341601928939e+01
-1.379075590855936539e+01
-1.368886021094735206e+01
-1.374606326587790406e+01
-1.376587263221590263e+01
-1.383125396565867149e+01
-1.394468148027371335e+01
-1.378726848528659765e+01
-1.350674501871061040e+01
-1.359341415229831185e+01
-1.349262786755559418e+01
-1.375231592888584942e+01
-1.389011469081086148e+01
-1.381004977158659486e+01
-1.385747697283954416e+01
-1.371439613944401792e+01
-1.379004227564845841e+01
-1.335109360028297942e+01
-1.289952471438455106e+01
-1.370500131648453035e+01
-1.374396826928475868e+01
-1.358846672601596417e+01
-1.389680736743621381e+01
-1.373734481359705661e+01
-1.356510384489644139e+01
-1.378161074629728589e+01
-1.351359125862969357e+01
-1.356355083865311251e+01
-1.361577246578466394e+01
-1.347859834861064776e+01
0.000000000000000000e+00
