-1.370547827384456596e+01
-1.374572078339764225e+01
-1.381878578179536632e+01
-1.387507922719657927e+01
-1.390719510491294031e+01
-1.395407201788272289e+01
-1.400745946680372356e+01
-1.400295486009108359e+01
-1.409045243344448295e+01
-1.418515413490543153e+01
-1.421635386212182262e+01
-1.428210452034493905e+01
-1.422827654979185041e+01
-1.413575425728526014e+01
-1.410273021951338457e+01
-1.412794820699001974e+01
-1.418028666675540705e+01
-1.427299642565258253e+01
-1.429405337583093427e+01
-1.423850615230366756e+01
-1.434961375854494925e+01
-1.430893181385409108e+01
-1.427613733824409969e+01
-1.445812199400332076e+01
-1.458371069489563077e+01
-1.460780174663210929e+01
-1.459759009346142378e+01
-1.441064976512792128e+01
-1.430909410019730288e+01
-1.452363677203608816e+01
-1.459349241251016416e+01
-1.451857298154778420e+01
-1.440945886119295238e+01
-1.464136497311447016e+01
-1.438986485061095166e+01
-1.439586188934600131e+01
-1.396205946115598273e+01
-1.349876396369864295e+01
-1.423381462579392931e+01
-1.434716041247219565e+01
-1.438596383470612139e+01
-1.478629233457888503e+01
-1.416661536229300467e+01
-1.391415378149059556e+01
-1.452333792251605082e+01
-1.438454919515762853e+01
-1.393202566896741068e+01
-1.406663254233233928e+01
-1.401977999493635352e+01
0.000000000000000000e+00
