-1.312753783787875328e+01
-1.319319809230378127e+01
-1.329435972452137271e+01
-1.337902928546881398e+01
-1.343883017209065045e+01
-1.351127660792897167e+01
-1.356569847636028570e+01
-1.359811842333994747e+01
-1.366138966591868531e+01
-1.370628264542920149e+01
-1.373496830049697337e+01
-1.374614671713002245e+01
-1.371241231160163920e+01
-1.368551183786119907e+01
-1.368780619941037280e+01
-1.374066967267978967e+01
-1.378812105994587967e+01
-1.385764554227316303e+01
-1.383830198596567485e+01
-1.378088856479258340e+01
-1.388391969241616763e+01
-1.393150291004619490e+01
-1.390137492105568029e+01
-1.400394831129001005e+01
-1.400383829318900908e+01
-1.402321246516437547e+01
-1.406602594088543157e+01
-1.399467469834506339e+01
-1.398972748921015352e+01
-1.399751323683426563e+01
-1.400088857623330441e+01
-1.397556708341543796e+01
-1.379140235429957784e+01
-1.409079297726032642e+01
-1.391801814962736117e+01
-1.387618748031612270e+01
-1.362096979843257571e+01
-1.302296125352003919e+01
-1.386352163263711823e+01
-1.390293941755945539e+01
-1.399410899461850200e+01
-1.418340063381399396e+01
-1.368688835036945406e+01
-1.358119364290658559e+01
-1.398993883646365965e+01
-1.388070753261423285e+01
-1.370378388541086423e+01
-1.367011725572826286e+01
-1.365226355366013067e+01
0.000000000000000000e+00
