-1.382004120749679643e+01
-1.386597841706282530e+01
-1.393032831691841267e+01
-1.397796348038961867e+01
-1.404690643113155879e+01
-1.407607112279076489e+01
-1.414915155219755860e+01
-1.417855037019744913e+01
-1.423098640025624917e+01
-1.425441198566557333e+01
-1.428075915629433368e+01
-1.433167561745326068e+01
-1.425904335547249957e+01
-1.406187957748590023e+01
-1.399260074611280480e+01
-1.403817626777457406e+01
-1.426415699833174955e+01
-1.429617385120402773e+01
-1.423870770088104898e+01
-1.424051796110854085e+01
-1.434064531504969153e+01
-1.428022170185334083e+01
-1.429307913126543994e+01
-1.438514071065490540e+01
-1.448681709494670855e+01
-1.464070287365524514e+01
-1.461642319957067215e+01
-1.436394853773950864e+01
-1.431202455574764798e+01
-1.417571324131907673e+01
-1.467554957038895580e+01
-1.463384228169321943e+01
-1.446641263641632946e+01
-1.468200045734706904e+01
-1.445872478388405469e+01
-1.449510057174765620e+01
-1.408513538351021666e+01
-1.349989883478857244e+01
-1.431955729025173873e+01
-1.439661568897535915e+01
-1.443670411843254087e+01
-1.478076378422935022e+01
-1.440269054967211204e+01
-1.415427544401083892e+01
-1.455266783116501017e+01
-1.442550078442952000e+01
-1.392383187392967514e+01
-1.415732746904478745e+01
-1.368829278118658976e+01
0.000000000000000000e+00
