-1.314605769495985399e+01
-1.322967050466790084e+01
-1.331046085672811508e+01
-1.335863432784960736e+01
-1.347880369521339006e+01
-1.348530702473170528e+01
-1.360515085618625442e+01
-1.361969807430011059e+01
-1.365284669820447583e+01
-1.371347119902367950e+01
-1.373014645162148284e+01
-1.374413865425856329e+01
-1.370228404023818669e+01
-1.365845762781410322e+01
-1.364309796624388404e+01
-1.366339885499231244e+01
-1.376978967159716838e+01
-1.384229374208766927e+01
-1.381940718409815361e+01
-1.380433557790011534e+01
-1.390226263638266424e+01
-1.388533900215489325e+01
-1.391224720042648322e+01
-1.392916283311866010e+01
-1.394619785788471056e+01
-1.393567891023763750e+01
-1.395625227834039883e+01
-1.381114668218217467e+01
-1.391456666544040743e+01
-1.365717448761043684e+01
-1.405484752702801465e+01
-1.405843974103830618e+01
-1.379840701149083770e+01
-1.404625513612567644e+01
-1.397126000915584321e+01
-1.396370328017017037e+01
-1.361081508209938207e+01
-1.302797554175135630e+01
-1.392714853961891031e+01
-1.399612237271021797e+01
-1.404389951085448018e+01
-1.417184600894064062e+01
-1.367399227033396159e+01
-1.344356377523898871e+01
-1.397303390870816386e+01
-1.390135912309053623e+01
-1.364856077003144108e+01
-1.371910964270882083e+01
-1.319529186754738959e+01
0.000000000000000000e+00
