-1.384988402749629266e+01
-1.385376947438288475e+01
-1.395311218850589796e+01
-1.395727237631244222e+01
-1.401569243914648055e+01
-1.400988077766789708e+01
-1.407585809547862610e+01
-1.412349655738659138e+01
-1.418108510737894079e+01
-1.418541257900578856e+01
-1.421414017528066154e+01
-1.420949843763860798e+01
-1.424439195345875575e+01
-1.423603539671462848e+01
-1.426607844764104982e+01
-1.424612600048854816e+01
-1.426078871987349217e+01
-1.446482300379701513e+01
-1.463251707190725526e+01
-1.466488225407435309e+01
-1.458027494623579301e+01
-1.425903708974160899e+01
-1.436240504103620097e+01
-1.467448769574609102e+01
-1.485159475431209941e+01
-1.495638340074515682e+01
-1.484918379572539493e+01
-1.463889612325524325e+01
-1.455510105295921619e+01
-1.475231548120537184e+01
-1.488049123396024243e+01
-1.483694234316351057e+01
-1.478245893634946029e+01
-1.482824030911780966e+01
-1.447144859418673590e+01
-1.444887474100723423e+01
-1.418481842288690586e+01
-1.377224882031254971e+01
-1.421034109661822953e+01
-1.445753755174419375e+01
-1.448262850623183695e+01
-1.473550284818152534e+01
-1.417854644982231882e+01
-1.402671216493811990e+01
-1.466406435324500990e+01
-1.453189118905578781e+01
-1.393055101468264745e+01
-1.417667208249053346e+01
-1.372343289973068359e+01
0.000000000000000000e+00
