-1.320109235538268955e+01
-1.322415624899405096e+01
-1.336394976132353207e+01
-1.333840595636955584e+01
-1.344521054115192982e+01
-1.348096806443082585e+01
-1.356351981225226311e+01
-1.362997288905494031e+01
-1.376605849958221839e+01
-1.382198431560817831e+01
-1.384381528024677976e+01
-1.385785939114489551e+01
-1.386964565477849121e+01
-1.390349664232730476e+01
-1.395778234277971563e+01
-1.384269681419204190e+01
-1.382335425407372043e+01
-1.396138200465118473e+01
-1.402621985405516014e+01
-1.409397615390479608e+01
-1.406496287433090231e+01
-1.391643523239730662e+01
-1.397562747772666114e+01
-1.417339321489495241e+01
-1.431602160043857452e+01
-1.440172150461615885e+01
-1.428933355474325673e+01
-1.423343633659143137e+01
-1.420119379649215574e+01
-1.415104075489739799e+01
-1.431245486054649163e+01
-1.430347640433628698e+01
-1.425715388442836229e+01
-1.429783918253461650e+01
-1.394785384129301242e+01
-1.392870502873101657e+01
-1.378586955759760890e+01
-1.321744953548600598e+01
-1.381269718658265333e+01
-1.388391159388974216e+01
-1.401468885419486021e+01
-1.420105737271137158e+01
-1.381582623577687485e+01
-1.376194376236534822e+01
-1.411918317435801917e+01
-1.405898404127393420e+01
-1.372653777888222315e+01
-1.380347763598320832e+01
-1.351650721248256382e+01
0.000000000000000000e+00
