-1.398012881891729720e+01
-1.400129966100252510e+01
-1.403499239417703848e+01
-1.407510680270952363e+01
-1.408805000178045397e+01
-1.410372152924672307e+01
-1.411445329541473370e+01
-1.417553601361465532e+01
-1.420503794226910799e+01
-1.428261000903741618e+01
-1.433510144901221040e+01
-1.437810383447656193e+01
-1.436151235526323511e+01
-1.437845275054001526e+01
-1.452705459579771841e+01
-1.456799439585179989e+01
-1.455179881279101295e+01
-1.447752735694140114e+01
-1.442870571051070527e+01
-1.441126589938098235e+01
-1.438866206403002401e+01
-1.430442603891212627e+01
-1.433747698875584931e+01
-1.452733612762231452e+01
-1.476905865407248086e+01
-1.491544789473434207e+01
-1.488680496536063558e+01
-1.462426910761480592e+01
-1.460708762270726702e+01
-1.465711028884637379e+01
-1.491229417638090027e+01
-1.487196201009380658e+01
-1.469227858066487258e+01
-1.486411413902224155e+01
-1.452960361704060688e+01
-1.453990642557620561e+01
-1.415637136489909764e+01
-1.380634973503030594e+01
-1.433085250873224581e+01
-1.438822941664380295e+01
-1.442255341583868855e+01
-1.483023137136807179e+01
-1.415615068308526681e+01
-1.406069410204266035e+01
-1.464457733530811900e+01
-1.451047262350145317e+01
-1.382183713145649406e+01
-1.413764127226245115e+01
-1.398445571368403861e+01
0.000000000000000000e+00
