-1.343231799605614007e+01
-1.345477562551646855e+01
-1.349409481370720698e+01
-1.353524209584307059e+01
-1.357558229299824148e+01
-1.358701080898224767e+01
-1.363272633591207850e+01
-1.371857758870937793e+01
-1.375071781121569181e+01
-1.383305003343758344e+01
-1.388432638519410744e+01
-1.392149125685135580e+01
-1.389463784905527355e+01
-1.388536039427949831e+01
-1.400566172526824715e+01
-1.405578482827877274e+01
-1.404922715201976402e+01
-1.401297947070392880e+01
-1.400890931102057380e+01
-1.404608262031318056e+01
-1.404103509250593085e+01
-1.397518021490402340e+01
-1.399789780975903497e+01
-1.410134786163434306e+01
-1.422876499938709038e+01
-1.430360305485443462e+01
-1.429412306191113657e+01
-1.408432232640877402e+01
-1.423281759525881540e+01
-1.404507286607172567e+01
-1.429828442498334518e+01
-1.431687140127546876e+01
-1.397061216882251067e+01
-1.430367061937525719e+01
-1.407012067349895190e+01
-1.402169328659939040e+01
-1.374698898813853631e+01
-1.327467816304679005e+01
-1.394919106898749028e+01
-1.396074607824401070e+01
-1.401161527387386485e+01
-1.418806882736035568e+01
-1.368236511515757670e+01
-1.343636646045403360e+01
-1.411514949353688664e+01
-1.401156822544029623e+01
-1.358690762243618622e+01
-1.379245554795171103e+01
-1.376098646992588925e+01
0.000000000000000000e+00
