-1.377000362311397730e+01
-1.383004474965657593e+01
-1.388153959638122004e+01
-1.392753367024970501e+01
-1.401224429206590827e+01
-1.403208914052566492e+01
-1.402134132765943164e+01
-1.409615458268153887e+01
-1.410314372252258330e+01
-1.413468546301747786e+01
-1.410525324808207515e+01
-1.412941162266018225e+01
-1.408330317688641564e+01
-1.402535054960944727e+01
-1.397520550258818339e+01
-1.400465725479806522e+01
-1.410539201059948766e+01
-1.421872823863500912e+01
-1.428798309331400951e+01
-1.432910795250511526e+01
-1.425624486843202909e+01
-1.411361199646281506e+01
-1.409937897725762568e+01
-1.413765137148576301e+01
-1.428127428524835629e+01
-1.443905757600784234e+01
-1.442445619847195637e+01
-1.401415620910477955e+01
-1.439968013253968593e+01
-1.378716407907882058e+01
-1.439373521998242289e+01
-1.446186561850253405e+01
-1.438529492560852852e+01
-1.441346040159966613e+01
-1.422822427219853303e+01
-1.397446914879854951e+01
-1.370625736454980981e+01
-1.342589029795994549e+01
-1.398066632847767288e+01
-1.380540242900497105e+01
-1.394068042661735873e+01
-1.446758132333921409e+01
-1.322862209082539842e+01
-1.344462601798534074e+01
-1.423969786059972975e+01
-1.412922941971012136e+01
-1.366606969523693138e+01
-1.385969753557958484e+01
-1.370223412485533743e+01
0.000000000000000000e+00
