-1.303210900455491128e+01
-1.312776121145709496e+01
-1.318844781775577246e+01
-1.325694006465528396e+01
-1.338635618565060525e+01
-1.340372641292450595e+01
-1.343891315842953205e+01
-1.351984925086467726e+01
-1.358890015184301348e+01
-1.360510010797572278e+01
-1.363650009386429574e+01
-1.365650979932370035e+01
-1.362794189222567987e+01
-1.358559076889069850e+01
-1.351697020313104858e+01
-1.355248135688811928e+01
-1.364334854225270277e+01
-1.373718124645691319e+01
-1.378919704854538608e+01
-1.378114351842654273e+01
-1.379042058599002729e+01
-1.373191634155238106e+01
-1.377884348056769781e+01
-1.374874832247147616e+01
-1.373967221330780930e+01
-1.381223313029042465e+01
-1.380765973521616985e+01
-1.347419333194822499e+01
-1.368589777821914844e+01
-1.343399235275079917e+01
-1.378637834260985784e+01
-1.388388759203524359e+01
-1.378928962904453215e+01
-1.378934369935787707e+01
-1.372751182689281890e+01
-1.352946318548312021e+01
-1.338349520226436695e+01
-1.284880982171681296e+01
-1.359727654483007697e+01
-1.325529262936117014e+01
-1.342155788470919120e+01
-1.360189747478739264e+01
-1.307931483203795331e+01
-1.317501259982219430e+01
-1.370009126762821694e+01
-1.358383762356501556e+01
-1.335423372884011073e+01
-1.349467492581533890e+01
-1.330729668399020937e+01
0.000000000000000000e+00
