-9.000000000000000000e+00
-8.959183673469388154e+00
-8.918367346938776308e+00
-8.877551020408162685e+00
-8.836734693877550839e+00
-8.795918367346938993e+00
-8.755102040816327147e+00
-8.714285714285713524e+00
-8.673469387755101678e+00
-8.632653061224489832e+00
-8.591836734693877986e+00
-8.551020408163266140e+00
-8.510204081632652517e+00
-8.469387755102040671e+00
-8.428571428571428825e+00
-8.387755102040816979e+00
-8.346938775510203357e+00
-8.306122448979591510e+00
-8.265306122448979664e+00
-8.224489795918367818e+00
-8.183673469387755972e+00
-8.142857142857142350e+00
-8.102040816326530503e+00
-8.061224489795918657e+00
-8.020408163265306811e+00
-7.979591836734694077e+00
-7.938775510204081343e+00
-7.897959183673469497e+00
-7.857142857142857650e+00
-7.816326530612244916e+00
-7.775510204081633070e+00
-7.734693877551020336e+00
-7.693877551020408490e+00
-7.653061224489795755e+00
-7.612244897959183909e+00
-7.571428571428571175e+00
-7.530612244897959329e+00
-7.489795918367347483e+00
-7.448979591836734748e+00
-7.408163265306122902e+00
-7.367346938775510168e+00
-7.326530612244898322e+00
-7.285714285714285587e+00
-7.244897959183673741e+00
-7.204081632653061007e+00
-7.163265306122449161e+00
-7.122448979591837315e+00
-7.081632653061224580e+00
-7.040816326530611846e+00
-7.000000000000000000e+00
