-1.396025645782436797e+01
-1.403784851827430380e+01
-1.408469908276070548e+01
-1.413353680964363868e+01
-1.417825756976800200e+01
-1.423032562415289703e+01
-1.423456683318319094e+01
-1.426530600897394407e+01
-1.425588655682161310e+01
-1.426384285220579429e+01
-1.427710510648044639e+01
-1.432101487205776458e+01
-1.431955960964059216e+01
-1.430391812544694830e+01
-1.432230078056382538e+01
-1.431301752172308461e+01
-1.438769695759375722e+01
-1.451687340514636837e+01
-1.462389550108075298e+01
-1.459195944068773798e+01
-1.432983451242472128e+01
-1.408221481299876388e+01
-1.417380330069600802e+01
-1.438300291846226564e+01
-1.471361901490956114e+01
-1.468023383054805464e+01
-1.468024103905280242e+01
-1.438112822864424167e+01
-1.447628187043891046e+01
-1.453863296768516733e+01
-1.473236977046439122e+01
-1.475257866459304523e+01
-1.462093273603530008e+01
-1.474508609948372495e+01
-1.440932402581255189e+01
-1.436548294781441193e+01
-1.402873270059274269e+01
-1.371431330782849045e+01
-1.419585308646563959e+01
-1.463727437200282466e+01
-1.431888327908912117e+01
-1.468628906775468579e+01
-1.425655673816124036e+01
-1.385592910147073020e+01
-1.454372842561040358e+01
-1.449060628788819827e+01
-1.370650424364343856e+01
-1.397190733992321654e+01
-1.371803844127847860e+01
0.000000000000000000e+00
