-1.339926354194519220e+01
-1.347345423329829650e+01
-1.353977509435718574e+01
-1.361437379352133803e+01
-1.366214449907566753e+01
-1.370250123736425074e+01
-1.372241079910419082e+01
-1.375674384308219622e+01
-1.376402880113397131e+01
-1.379417318513736390e+01
-1.381915462069053291e+01
-1.384126429221471355e+01
-1.388596614794640693e+01
-1.386678174927303786e+01
-1.389083030728005852e+01
-1.389349477728801041e+01
-1.390613792868593634e+01
-1.400812480493432055e+01
-1.407471725560077402e+01
-1.401559718998430881e+01
-1.389380093043656927e+01
-1.379960978110987924e+01
-1.388512103093498595e+01
-1.402472004133687733e+01
-1.419525168498768330e+01
-1.414942796831163285e+01
-1.413449192245898800e+01
-1.397255194612089824e+01
-1.403064451378252642e+01
-1.404885925775352185e+01
-1.418250646802684756e+01
-1.420883752191165783e+01
-1.407113429936466709e+01
-1.418734196316644436e+01
-1.397586322614789012e+01
-1.394707536736367715e+01
-1.361248781486577641e+01
-1.320371260217616083e+01
-1.383855882902111034e+01
-1.412945929955482960e+01
-1.388454463377848569e+01
-1.413967530158642205e+01
-1.390869501188163326e+01
-1.367287568805629405e+01
-1.398633819723014859e+01
-1.395734579061886116e+01
-1.355068651703725813e+01
-1.362067857410048966e+01
-1.353955174846267084e+01
0.000000000000000000e+00
